0,1
32.803085,-10.444732
-33.303608,-5.3866606
28.80596,-12.898101
30.109428,4.295938
-41.448177,2.1711113
-25.766268,-15.540943
-16.386848,-2.4502695
-19.372486,-6.216284
50.900406,-1.4869264
48.520187,0.6896582
-12.293297,1.0012778
-31.210691,5.2226176
-40.625435,0.14223751
-46.36371,0.74314886
-27.899422,-4.6325784
-16.854116,-1.6485337
41.094456,11.380348
30.278172,9.44993
26.914566,11.439474
26.285357,-17.575104
-34.28403,7.4899883
30.125286,-0.873432
36.899887,9.695643
31.955015,-13.827646
-32.026928,-9.893929
-31.572477,-2.8481712
-43.88219,2.4316065
19.677809,5.303364
36.91372,0.29405466
46.981903,4.862455
-22.724161,3.3856611
40.18209,14.384387
-42.43472,13.454182
40.408634,12.630593
32.6031,-19.741056
37.923725,-3.4558163
-29.142538,-1.0070809
29.69863,-2.3581867
-17.72756,10.03508
34.65836,-3.2791524
36.452904,-15.07116
39.301846,8.599669
-19.520803,-5.6752696
-33.68946,6.969607
34.45244,3.7205894
20.88026,0.5673257
26.436527,-17.194056
27.865322,2.1918707
-34.644707,4.6177707
34.988148,11.390962
-27.622972,-4.632815
-19.749338,15.991318
40.020073,-7.0263867
-30.676304,-1.8137288
-21.15447,12.337209
40.50751,-3.6566107
28.881123,-14.286437
26.485943,5.057829
26.586752,9.332912
-34.252956,4.878176
-41.228344,-5.5938277
-41.452477,-0.7200673
-9.561837,0.08856929
-45.64987,-10.615412
-37.99366,-5.457252
32.690147,-4.3394656
-37.718285,-13.094932
-34.435028,2.8717203
-34.23057,8.157274
-36.20759,11.512622
-26.66277,17.378849
-21.501919,5.262586
-32.12904,-0.4370283
43.175842,3.8805377
-24.877209,-16.283495
-19.634745,0.5901212
-17.236982,6.856639
-32.164494,-8.525229
-38.36806,-14.043299
37.052326,-2.2107115
-36.727764,-2.3668766
26.677523,6.5574284
45.380203,9.60791
-28.972952,-10.979858
-34.316223,1.273812
32.6892,-2.755655
35.650856,-3.0678432
-38.71996,0.49268687
29.586563,0.93016016
35.092422,-9.525178
-36.164124,5.635943
-14.145207,4.211621
-32.29862,1.1327318
20.379114,-8.080804
-47.715195,-7.267969
-36.123882,3.2947476
-48.612514,-9.258361
-24.312878,-17.387053
51.430653,2.2146287
-37.98166,9.133903
-36.21756,12.844376
32.36518,4.98298
-23.158606,2.0725863
-30.865875,2.916234
-37.80778,-10.180728
-17.245005,2.1989217
-40.297737,5.4676323
45.500668,0.66726625
38.53052,2.4876153
47.089836,-9.554591
-26.3379,-2.8016949
-29.138325,-2.6192915
34.79768,-7.2258697
-35.965137,0.7770245
48.374508,-2.2006314
-34.198574,9.037808
-30.438715,3.146211
41.6112,3.334107
-38.769764,-2.674687
-18.2127,8.395985
46.93915,4.7296243
-31.719866,4.2198763
-21.069145,-4.1477475
38.601494,2.5690346
32.575756,-19.883783
44.936317,9.10964
38.08651,-4.3717966
23.472843,4.5473566
-45.958447,9.450618
38.90083,-10.925705
-19.469923,-1.2530909
31.287153,-11.383208
-19.823519,-5.017891
-28.373941,-8.196984
-27.774303,1.0096749
25.810986,-15.131947
20.354383,-7.081902
50.871,-1.4780725
-28.008009,-8.441423
33.87423,-12.31065
-19.491585,2.122097
-22.134401,11.812192
-33.088696,-6.804919
29.861486,9.055634
-34.517235,1.0504463
26.406025,-3.4773304
26.09323,8.109019
-31.874603,-5.290388
-29.099094,0.6788764
38.82024,-6.8562417
36.5073,-0.31154305
28.892208,-3.5535924
27.355127,-16.721981
-29.524557,10.164324
-24.316183,-16.755505
-34.510044,-3.2545993
-27.355352,-8.930638
-26.29051,3.061944
-41.020515,-0.30328816
-20.99224,8.483896
-46.526585,-10.309662
-30.33604,-0.5275225
36.53145,-10.555135
33.51523,-5.4208417
48.434727,0.8419357
35.72906,-2.3276012
40.801777,5.9099526
40.74582,-1.9985256
35.099373,-9.6075
-37.214775,3.1758213
37.54756,-12.735301
41.997654,9.219764
-21.56058,-11.805883
-27.45972,15.261987
-30.067354,-8.3007145
39.237743,8.42649
32.11198,6.3045297
-36.7694,-10.267916
-18.70249,4.7023444
37.017105,7.0802517
-40.023457,1.9004012
40.297924,-16.371624
-43.168854,13.955018
38.67657,0.47549966
34.30297,-0.67819506
26.597687,6.743826
22.358856,10.527007
-28.412706,5.7786293
-40.539677,9.8396
-14.021474,9.593414
39.42837,3.9772036
-39.399548,-9.11688
33.754333,-1.8480111
28.92779,4.089681
-23.07153,8.2593775
-28.08486,8.715584
-22.868448,-16.707434
35.73903,12.694929
27.86555,10.712644
32.42507,1.0944829
-45.36809,1.9282361
-37.8877,-10.138811
35.36012,10.281542
-45.955784,9.452268
47.81547,6.958708
-42.337624,13.390793
33.73004,-13.566089
28.637503,-4.2105246
36.81566,-17.735802
25.019278,12.676384
22.449183,-4.078634
-31.51974,-11.904312
-20.040236,13.166569
-13.409971,8.450985
-25.247026,-4.61041
24.407618,-1.4636613
-19.03386,2.3364823
32.402348,12.755632
-24.476055,-10.79595
-36.87788,7.314283
37.082664,-17.275826
-37.14268,-12.130212
35.682068,6.2116804
-33.003853,15.699125
-42.028973,-0.6728052
36.120667,7.355174
-16.189276,7.0120134
-31.581778,-5.0216274
40.448025,-14.47149
35.67128,-4.510013
41.342724,7.6266627
-15.047064,5.4126015
29.617023,6.115236
-21.630344,4.940412
-22.624027,-0.3378276
-34.109547,-2.0159016
32.96791,2.7283924
35.809322,-1.2673059
46.973515,-8.363626
-15.584895,-4.921266
20.35495,-7.350166
33.18419,-14.798858
-36.911495,-3.603241
-21.249483,-12.56925
-44.021027,2.3473895
25.826324,2.21737
-19.74447,15.9989
-46.635796,-11.609243
35.322964,14.6890955
-29.250198,3.8443744
-25.01266,3.833454
-38.96212,-2.648622
42.6063,5.689337
41.41303,-9.441777
-17.7488,7.9745483
19.125835,10.231262
-13.172406,-1.4714715
-28.764067,1.818989
38.889835,-1.2749702
47.12619,-10.795235
43.03163,9.429469
-37.815525,0.7229608
35.30276,0.6885113
29.428213,-10.779879
48.943237,7.8819985
-46.0939,5.07849
-48.659817,-8.737615
19.697231,5.287801
-29.149761,4.038554
32.762615,-0.8515827
-33.258408,-6.969997
29.864357,-11.7480135
40.55271,-15.638034
-32.02292,4.983812
-40.305267,2.3556936
18.777056,-0.68544257
-18.735773,-4.0229545
-12.224704,6.697744
-36.794197,5.5188622
-36.778076,9.647768
-30.093306,1.4345225
-36.025063,-1.4237537
-19.19543,8.325422
-38.04785,-13.579128
25.166931,12.385302
30.27865,9.860724
-33.750328,-1.6833717
42.41872,-9.9856
32.686054,-19.23474
-46.801323,-5.7846656
-43.91229,-1.9092745
43.748737,-3.467059
-16.986902,3.8914719
28.454727,8.759993
32.894806,0.8405985
-35.79245,-11.117918
-15.443883,1.4635284
-12.770723,-1.1170563
32.604637,4.506798
35.85082,1.922741
31.225706,-2.4520614
-12.548456,-3.6414707
-27.050001,16.296774
24.75441,-13.331995
-19.509693,-0.9726801
50.671104,2.5400586
23.489698,4.5798087
29.718296,3.337481
28.779047,-10.352532
-44.985508,5.6305003
-10.809455,1.7399672
-14.398772,-10.166072
39.63661,-1.9022083
-51.061207,-1.326321
29.63361,6.0672455
34.041977,1.1418598
31.40776,-1.1759579
-31.518744,-2.752239
29.794369,-7.0295024
39.78254,4.40515
50.21002,2.7487392
-21.263657,8.564247
-15.044196,-5.537448
-15.025385,9.988547
-34.35339,-7.225052
34.017254,-8.725043
48.598015,-1.9182497
40.546604,5.508115
-30.050783,7.0851517
-25.51788,-2.6005638
26.792751,-5.573719
28.565105,15.739571
-26.82267,16.927752
-31.402737,13.567173
18.782356,-0.6863725
-32.020813,2.4742591
-39.540638,5.139005
42.8122,-0.52554595
45.61187,-0.7892781
-29.11787,-16.57873
45.453083,-0.46648878
36.422325,3.866277
20.95863,0.5658784
-39.550987,8.6617155
41.064945,-10.351915
41.54928,-11.628514
-36.75041,6.5815787
-12.209403,6.820026
35.25795,0.9917281
-23.967457,11.139489
-51.065037,-1.3270336
-24.017153,11.121687
30.61291,-6.75425
28.749996,1.9514011
27.744566,-0.3529133
40.916836,-8.609542
-21.462147,-11.470798
35.150013,6.623974
-12.497781,-2.9271224
25.226053,-0.84784746
33.38041,-11.537059
-46.678127,-4.841995
-29.066301,-16.54689
-39.07241,11.411403
-17.576815,3.324955
-33.03067,15.74741
-37.87961,-7.8805747
-33.442272,6.163431
-27.50005,-5.72814
-22.622984,8.417328
-29.708519,-5.104702
31.220627,-11.061099
43.75608,4.4480734
30.809155,0.40885195
32.517933,-5.620214
35.928844,10.043015
37.882305,1.6798773
24.746529,-3.622375
-37.8355,10.526949
43.34535,-2.8151743
-39.042046,8.84364
-33.28582,2.5081515
-21.239819,-10.719747
40.178078,14.40539
30.809654,-3.6561828
31.463087,1.6917052
-14.218643,4.08334
39.68313,-15.55544
-40.892647,8.428289
-25.604408,-6.3956757
43.604897,5.648567
-46.544365,-9.979647
-17.086258,9.011708
-14.394121,-10.162946
34.175182,9.662127
22.394974,-4.126446
-33.694256,-2.463541
-31.296751,-12.086447
-41.63069,-4.576806
43.816418,-0.31902498
38.784782,-12.353841
-11.810501,-0.13261461
36.48357,-14.629289
43.458305,7.916058
42.949936,-8.829149
39.94524,15.578506
-30.311195,8.203355
-34.120594,-11.277717
-15.288515,-3.528039
-40.625168,-8.592756
-36.196472,12.226582
28.8039,-14.59727
-9.823242,0.52854466
26.137444,-16.443462
19.155985,10.227194
22.48456,9.76081
-29.379725,-5.8031287
-34.639904,-9.33999
39.228268,-14.045432
28.096737,-0.6567687
37.763817,11.127642
-23.514996,1.2503437
-15.5424185,-3.556421
28.2691,13.969375
-31.639082,-7.650176
34.49699,2.7592003
49.31962,6.740445
-26.525835,-15.109798
37.255276,-17.951355
-37.77199,-8.098376
35.187073,14.659533
40.529987,-0.17116533
-25.928974,2.7905128
27.66081,-2.174371
-32.489235,-0.6622849
47.970016,6.9148865
34.259373,-2.1974235
-14.260532,10.743884
41.0261,8.903022
-47.584835,-7.1576266
36.567944,13.734064
-29.528648,10.144109
-46.52585,-6.294933
-46.49942,1.6850497
-24.85218,-4.497645
39.030624,-11.108813
-20.943436,1.1715873
-44.7283,5.5761237
-25.772133,-7.935739
-19.259356,7.3304873
37.889854,-1.1529014
23.044718,-3.402262
35.458565,-7.1739717
26.299181,12.050737
-43.50679,-1.4139193
41.03365,-9.832489
47.121998,-10.976605
25.538696,10.110231
32.46731,13.712258
43.212875,3.2371569
31.938013,-0.07995905
-44.25424,-1.9513164
-33.963818,-12.025878
-14.347385,-2.0625443
-10.697104,1.9744248
-37.828568,-5.461132
-34.512764,8.619547
46.56733,-0.3643771
-27.601791,6.0828104
-27.868574,-0.56285626
-42.489048,4.052052
-38.438034,5.5138044
-29.336342,-4.8637004
-15.570433,8.051773
-21.727335,-3.942113
32.173958,-14.040159
31.112537,-6.5746465
25.64014,-13.932595
-28.11355,8.401749
-41.78196,-8.2155695
-38.768253,6.9633746
28.872158,-7.167167
-20.162075,13.002571
-18.841692,4.484331
-24.492538,-10.769708
40.92016,0.33930868
28.213465,14.023794
-22.673004,-0.8406849
-28.96805,-10.886693
-31.999403,1.5212996
22.8718,7.7780027
22.831062,8.841287
33.66718,7.538299
-30.487362,0.41011944
26.368292,2.1651528
-14.35247,10.640857
49.232807,3.143364
-31.479033,13.63155
39.404007,-7.2691236
34.67614,6.6026864
