,freq acc,size acc
0,56.0,58.0
1,58.0,64.0
2,44.0,48.0
3,46.0,62.0
4,50.0,54.0
5,64.0,48.0
6,60.0,58.0
7,58.0,54.0
8,42.0,52.0
9,50.0,38.0
10,44.0,42.0
11,46.0,50.0
12,54.0,52.0
13,54.0,60.0
14,58.0,58.0
15,44.0,50.0
16,42.0,48.0
17,46.0,54.0
18,40.0,46.0
19,54.0,50.0
20,46.0,48.0
21,46.0,50.0
22,62.0,48.0
23,52.0,52.0
24,52.0,42.0
25,64.0,50.0
26,56.0,46.0
27,44.0,44.0
28,48.0,62.0
29,44.0,50.0
30,40.0,68.0
31,48.0,40.0
32,48.0,52.0
33,44.0,52.0
34,58.0,52.0
35,42.0,62.0
36,42.0,48.0
37,54.0,62.0
38,60.0,46.0
39,32.0,42.0
40,44.0,52.0
41,58.0,52.0
42,38.0,56.0
43,60.0,38.0
44,60.0,56.0
45,54.0,56.0
46,52.0,60.0
47,56.0,48.0
48,64.0,44.0
49,46.0,54.0
